======================================================================
LIGHTS OUT - SOLVER RESULTS
======================================================================

Algorithm: ASTAR
Board Size: 8x8
Date/Time: 2026-04-11 14:54:31
Execution Time: 0.0170 seconds
States Analyzed: 20
Max Memory (queue size): 1149
Moves Found: 7

----------------------------------------------------------------------
INITIAL BOARD:
----------------------------------------------------------------------
0 1 1 1 0 0 1 1
1 0 1 0 1 1 1 0
1 1 0 0 0 0 1 1
1 0 0 0 0 0 0 0
0 0 0 0 0 1 1 1
0 0 0 0 1 0 1 0
0 0 0 1 1 1 0 0
0 0 0 0 1 0 0 0

----------------------------------------------------------------------
SOLUTION MOVES:
----------------------------------------------------------------------
Move  1: (6, 4)
Move  2: (0, 2)
Move  3: (2, 0)
Move  4: (4, 6)
Move  5: (2, 6)
Move  6: (1, 5)
Move  7: (0, 6)

----------------------------------------------------------------------
FINAL BOARD:
----------------------------------------------------------------------
0 0 0 0 0 0 0 0
0 0 0 0 0 0 0 0
0 0 0 0 0 0 0 0
0 0 0 0 0 0 0 0
0 0 0 0 0 0 0 0
0 0 0 0 0 0 0 0
0 0 0 0 0 0 0 0
0 0 0 0 0 0 0 0
